t load tgt freq want
0.5 32 50 768 492
1 25 50 768 381
1.5 19 50 768 285
2 18 50 768 282
2.5 32 50 768 490
3 19 50 768 288
3.5 19 50 768 291
4 20 50 768 304
4.5 21 50 768 321
5 21 50 768 315
5.5 21 50 768 322
6 20 50 768 301
6.5 25 50 768 384
7 32 50 768 490
7.5 29 50 768 441
8 32 50 768 492
8.5 42 50 768 642
9 34 50 768 525
9.5 36 50 768 550
10 35 50 768 532
10.5 39 50 768 600
11 53 50 768 819
11.5 59 50 800 945
12 81 50 900 1462
12.5 75 50 1500 2258
13 55 50 2300 2533
13.5 45 50 2401 2157
14 31 50 2200 1375
14.5 19 50 1400 519
15 28 50 768 435
15.5 40 50 768 618
16 44 50 768 679
16.5 59 50 768 900
17 67 50 900 1214
17.5 72 50 1200 1722
18 65 50 1700 2198
18.5 58 50 2200 2535
19 52 50 2401 2494
19.5 41 50 2401 1974
20 28 50 2000 1121
20.5 20 50 1100 446
21 20 50 768 307
21.5 14 50 768 219
22 22 50 768 336
22.5 22 50 768 340
23 25 50 768 379
23.5 24 50 768 375
24 42 50 768 643
24.5 41 50 768 622
25 42 50 768 651
25.5 61 50 768 942
26 60 50 900 1079
26.5 63 50 1100 1385
27 78 50 1400 2187
27.5 65 50 2200 2848
28 65 50 2401 3137
28.5 56 50 2401 2710
29 39 50 2401 1857
29.5 40 50 1900 1510
30 42 50 1500 1271
30.5 50 50 1300 1289
31 48 50 1300 1249
31.5 49 50 1200 1171
32 51 50 1200 1218
32.5 54 50 1200 1300
33 53 50 1300 1368
33.5 50 50 1400 1408
34 55 50 1400 1539
34.5 49 50 1500 1456
35 46 50 1500 1391
35.5 45 50 1400 1260
36 42 50 1300 1101
36.5 46 50 1100 1014
37 45 50 1100 979
37.5 39 50 900 694
