t load hyst_low hyst_hi freq want
0.25 87 50 75 2401 2401
0.5 219 50 75 2401 2401
0.75 163 50 75 2401 2401
1 4 50 75 2401 2100
1.25 4 50 75 2200 1837
1.5 4 50 75 1900 1607
1.75 33 50 75 1700 1406
2 0 50 75 1500 1230
2.25 48 50 75 1300 1076
2.5 75 50 75 1100 1076
2.75 52 50 75 1100 1076
3 106 50 75 1100 2152
3.25 53 50 75 2200 2152
3.5 103 50 75 2200 2401
3.75 14 50 75 2401 2100
4 0 50 75 2200 1837
4.25 46 50 75 1900 1607
4.5 11 50 75 1700 1406
4.75 81 50 75 1500 1518
5 17 50 75 1700 1328
5.25 7 50 75 1400 1162
5.5 22 50 75 1200 1016
5.75 103 50 75 1100 2032
6 100 50 75 2200 2401
6.25 55 50 75 2401 2401
6.5 60 50 75 2401 2401
6.75 6 50 75 2401 2100
7 10 50 75 2200 1837
7.25 0 50 75 1900 1607
7.5 12 50 75 1700 1406
7.75 4 50 75 1500 1230
8 59 50 75 1300 1230
8.25 74 50 75 1300 1230
8.5 181 50 75 1300 2401
8.75 69 50 75 2401 2401
9 0 50 75 2401 2100
9.25 0 50 75 2200 1837
9.5 6 50 75 1900 1607
9.75 22 50 75 1700 1406
10 77 50 75 1500 1443
10.25 21 50 75 1500 1262
10.5 100 50 75 1300 2401
10.75 8 50 75 2401 2100
11 75 50 75 2200 2100
11.25 124 50 75 2200 2401
11.5 24 50 75 2401 2100
11.75 6 50 75 2200 1837
12 49 50 75 1900 1607
12.25 36 50 75 1700 1406
12.5 48 50 75 1500 1230
12.75 21 50 75 1300 1076
13 35 50 75 1100 941
13.25 3 50 75 1100 823
13.5 52 50 75 900 823
13.75 176 50 75 900 1646
14 184 50 75 1700 2401
14.25 62 50 75 2401 2401
14.5 8 50 75 2401 2100
14.75 0 50 75 2200 1837
15 0 50 75 1900 1607
15.25 0 50 75 1700 1406
15.5 77 50 75 1500 1443
15.75 190 50 75 1500 2401
16 89 50 75 2401 2401
16.25 197 50 75 2401 2401
16.5 96 50 75 2401 2401
16.75 4 50 75 2401 2100
17 10 50 75 2200 1837
17.25 4 50 75 1900 1607
17.5 14 50 75 1700 1406
17.75 87 50 75 1500 1630
18 44 50 75 1700 1426
18.25 54 50 75 1500 1426
18.5 18 50 75 1500 1247
18.75 0 50 75 1300 1091
19 89 50 75 1100 1294
19.25 106 50 75 1300 2401
19.5 61 50 75 2401 2401
19.75 4 50 75 2401 2100
20 54 50 75 2200 2100
20.25 0 50 75 2200 1837
20.5 23 50 75 1900 1607
20.75 13 50 75 1700 1406
21 23 50 75 1500 1230
21.25 24 50 75 1300 1076
21.5 220 50 75 1100 2152
21.75 112 50 75 2200 2401
22 99 50 75 2401 2401
22.25 0 50 75 2401 2100
22.5 12 50 75 2200 1837
22.75 4 50 75 1900 1607
23 0 50 75 1700 1406
23.25 3 50 75 1500 1230
23.5 130 50 75 1300 2401
23.75 31 50 75 2401 2100
24 82 50 75 2200 2296
24.25 98 50 75 2300 2401
24.5 7 50 75 2401 2100
24.75 0 50 75 2200 1837
25 0 50 75 1900 1607
25.25 58 50 75 1700 1607
25.5 43 50 75 1700 1406
25.75 99 50 75 1500 2401
26 56 50 75 2401 2401
26.25 3 50 75 2401 2100
26.5 14 50 75 2200 1837
26.75 70 50 75 1900 1837
27 104 50 75 1900 2401
27.25 65 50 75 2401 2401
27.5 12 50 75 2401 2100
27.75 98 50 75 2200 2401
28 4 50 75 2401 2100
28.25 9 50 75 2200 1837
28.5 0 50 75 1900 1607
28.75 0 50 75 1700 1406
29 3 50 75 1500 1230
29.25 209 50 75 1300 2401
29.5 102 50 75 2401 2401
29.75 68 50 75 2401 2401
30 4 50 75 2401 2100
30.25 7 50 75 2200 1837
30.5 15 50 75 1900 1607
30.75 4 50 75 1700 1406
31 33 50 75 1500 1230
31.25 80 50 75 1300 1312
31.5 70 50 75 1400 1312
31.75 117 50 75 1400 2401
32 106 50 75 2401 2401
32.25 119 50 75 2401 2401
