t clk cpu0 cpu1 cpu2 cpu3
0.5 800 100 82.4 70.6 100
1 1100 90 89.75 56.75 77.15
1.5 1700 60.9666666667 60.8 71.1666666667 52.4
2 2401 48.75 62.275 70.8 45.35
2.5 2401 23.75 43.225 53.15 20.35
3 2300 3.75 20.475 42.425 6.775
3.5 900 3.75 22.775 19.7 6.05
4 768 11.45 28.95 9.425 17.85
4.5 768 15.025 45.25 28.7 24.275
5 800 15.025 45.925 30.175 25
5.5 800 18.1 45.1 27.9 25.725
6 900 24.725 47.25 36.025 29.4
6.5 1500 46.15 52.425 27.275 36.8
7 2401 68.2 67.875 40.5 58.125
7.5 2401 86.375 74.775 51.875 79.375
8 2401 71.3 65.675 38.875 62.4
8.5 2401 46.3 42.65 28.35 48.575
9 1700 25 25.75 23.5 30.325
9.5 1200 22.15 30.625 22.725 21.575
10 1200 28.7 19.125 24.85 39.075
10.5 1400 41.925 30.9 35.875 50.85
11 1900 51.775 31.675 35.875 51.6
11.5 2000 34.175 25.275 26.8 45.2
12 1800 25.35 20.875 23.875 37.125
12.5 1500 13.65 34.1 14.375 27.625
13 1700 9.1 53.025 4.525 23.075
13.5 2401 26.525 64.4 23.45 33.675
14 2401 26.525 65.125 21.975 19.7
14.5 2200 25 40.125 21.925 17.425
15 1300 18.95 19.675 21.925 18.175
15.5 900 11.375 22.7 19.65 18.175
16 768 13.65 24.25 20.4 18.175
16.5 768 16.6 30.125 30.7 23.325
17 1100 38.65 42.625 50.55 35.075
17.5 1700 52.275 45.65 57.375 42.65
18 2401 65.9 64.575 74.05 54.775
18.5 2401 65.3 60.25 63.8 50.375
19 2401 66.825 72.025 64.675 54.3
19.5 2401 45.625 56.875 49.525 33.85
20 2401 34.275 50.825 35.125 29.3
20.5 2401 47.825 53.075 35.125 36.875
21 2401 37.125 38.65 26.525 31.825
21.5 2401 38.475 36.9 18.875 30.95
22 2200 36.2 24.1 16.6 26.5
22.5 1700 21.825 20.3 21.9 40.15
23 1300 15 14.25 18.875 33.325
23.5 1700 34.85 6.875 18.825 31.125
24 2200 33.35 4.525 19.625 28
24.5 2401 32.575 7.55 12.8 6.775
25 2200 32 10 13.075 3.775
25.5 1100 9.275 11.55 11.675 3.05
26 768 12.775 13.7 10.125 4.475
26.5 768 21.575 18.025 18.95 14.75
27 768 38.9 23.55 33.85 28.65
27.5 900 39.65 31.575 34.575 40.025
28 1500 37.575 31.625 59.575 39.325
28.5 2200 37.875 45.475 57.575 47.25
29 2401 29.475 45.825 51.475 40.125
29.5 2401 27.2 35.525 51.525 29.525
30 1900 26.525 34.075 28.8 28.8
