t cpu0 cpu1 cpu2 cpu3 clk 
0.250 100.0 82.4 70.6 100.0 800
0.500 100.0 82.4 70.6 100.0 800
0.750 80.0 97.1 42.9 54.3 1100
1.000 80.0 97.1 42.9 54.3 1100
1.250 2.9 2.9 100.0 2.9 1700
1.500 2.9 2.9 100.0 2.9 1700
1.750 12.1 66.7 69.7 24.2 2401
2.000 12.1 66.7 69.7 24.2 2401
2.250 0.0 6.2 0.0 0.0 2401
2.500 0.0 6.2 0.0 0.0 2401
2.750 0.0 6.1 0.0 0.0 2300
3.000 0.0 6.1 0.0 0.0 2300
3.250 2.9 12.1 9.1 0.0 900
3.500 2.9 12.1 9.1 0.0 900
3.750 42.9 91.4 28.6 71.4 768
4.000 42.9 91.4 28.6 71.4 768
4.250 14.3 71.4 77.1 25.7 768
4.500 14.3 71.4 77.1 25.7 768
4.750 0.0 8.8 5.9 2.9 800
5.000 0.0 8.8 5.9 2.9 800
5.250 15.2 8.8 0.0 2.9 800
5.500 15.2 8.8 0.0 2.9 800
5.750 69.4 100.0 61.1 86.1 800
6.000 69.4 100.0 61.1 86.1 900
6.250 100.0 92.1 42.1 55.3 900
6.500 100.0 92.1 42.1 55.3 1500
6.750 88.2 70.6 58.8 88.2 1500
7.000 88.2 70.6 58.8 88.2 2401
7.250 87.9 36.4 45.5 87.9 2401
7.500 87.9 36.4 45.5 87.9 2401
7.750 9.1 63.6 9.1 18.2 2401
8.000 9.1 63.6 9.1 18.2 2401
8.250 0.0 0.0 0.0 0.0 2401
8.500 0.0 0.0 0.0 0.0 2401
8.750 3.0 3.0 39.4 15.2 2401
9.000 3.0 3.0 39.4 15.2 1700
9.250 76.5 55.9 42.4 52.9 1700
9.500 76.5 55.9 42.4 52.9 1200
9.750 35.3 17.6 17.6 88.2 1200
10.000 35.3 17.6 17.6 88.2 1200
10.250 52.9 47.1 44.1 47.1 1200
10.500 52.9 47.1 44.1 47.1 1400
10.750 42.4 6.1 39.4 18.2 1400
11.000 42.4 6.1 39.4 18.2 1900
11.250 6.1 30.3 6.1 27.3 1900
11.500 6.1 30.3 6.1 27.3 2000
11.750 0.0 0.0 5.9 55.9 2000
12.000 0.0 0.0 5.9 55.9 1800
12.250 6.1 100.0 6.1 9.1 1800
12.500 6.1 100.0 6.1 9.1 1500
12.750 24.2 81.8 0.0 0.0 1500
13.000 24.2 81.8 0.0 0.0 1700
13.250 75.8 75.8 81.8 69.7 1700
13.500 75.8 75.8 81.8 69.7 2401
13.750 0.0 2.9 0.0 0.0 2401
14.000 0.0 2.9 0.0 0.0 2401
14.250 0.0 0.0 5.9 0.0 2401
14.500 0.0 0.0 5.9 0.0 2200
14.750 0.0 0.0 0.0 3.0 2200
15.000 0.0 0.0 0.0 3.0 1300
15.250 45.5 87.9 72.7 69.7 1300
15.500 45.5 87.9 72.7 69.7 900
15.750 9.1 9.1 3.0 0.0 900
16.000 9.1 9.1 3.0 0.0 768
16.250 11.8 23.5 47.1 20.6 768
16.500 11.8 23.5 47.1 20.6 768
16.750 88.2 50.0 79.4 50.0 1100
17.000 88.2 50.0 79.4 50.0 1100
17.250 100.0 100.0 100.0 100.0 1700
17.500 100.0 100.0 100.0 100.0 1700
17.750 63.6 84.8 69.7 48.5 2401
18.000 63.6 84.8 69.7 48.5 2401
18.250 9.4 6.2 6.1 3.0 2401
18.500 9.4 6.2 6.1 3.0 2401
18.750 94.3 97.1 82.9 65.7 2401
19.000 94.3 97.1 82.9 65.7 2401
19.250 15.2 39.4 39.4 18.2 2401
19.500 15.2 39.4 39.4 18.2 2401
19.750 18.2 60.6 12.1 30.3 2401
20.000 18.2 60.6 12.1 30.3 2401
20.250 63.6 15.2 6.1 33.3 2401
20.500 63.6 15.2 6.1 33.3 2401
20.750 51.5 39.4 48.5 45.5 2401
21.000 51.5 39.4 48.5 45.5 2401
21.250 20.6 32.4 8.8 14.7 2401
21.500 20.6 32.4 8.8 14.7 2401
21.750 9.1 9.4 3.0 12.5 2200
22.000 9.1 9.4 3.0 12.5 2200
22.250 6.1 0.0 27.3 87.9 1900
22.500 6.1 0.0 27.3 87.9 1700
22.750 24.2 15.2 36.4 18.2 1700
23.000 24.2 15.2 36.4 18.2 1300
23.250 100.0 2.9 8.6 5.9 1300
23.500 100.0 2.9 8.6 5.9 1700
23.750 3.1 0.0 6.2 0.0 1700
24.000 3.1 0.0 6.2 0.0 2200
24.250 3.0 12.1 0.0 3.0 2200
24.500 3.0 12.1 0.0 3.0 2401
24.750 21.9 25.0 37.5 6.2 2401
25.000 21.9 25.0 37.5 6.2 2200
25.250 9.1 9.1 3.0 3.0 2200
25.500 9.1 9.1 3.0 3.0 1100
25.750 17.1 8.6 0.0 5.7 1100
26.000 17.1 8.6 0.0 5.7 768
26.250 38.2 29.4 35.3 44.1 768
26.500 38.2 29.4 35.3 44.1 768
26.750 91.2 47.1 97.1 61.8 768
27.000 91.2 47.1 97.1 61.8 768
27.250 12.1 41.2 5.9 48.5 768
27.500 12.1 41.2 5.9 48.5 900
27.750 8.8 8.8 100.0 2.9 900
28.000 8.8 8.8 100.0 2.9 1500
28.250 39.4 84.8 27.3 75.8 1500
28.500 39.4 84.8 27.3 75.8 2200
28.750 57.6 48.5 72.7 33.3 2200
29.000 57.6 48.5 72.7 33.3 2401
29.250 3.0 0.0 6.1 6.1 2401
29.500 3.0 0.0 6.1 6.1 2401
29.750 6.1 3.0 9.1 0.0 2401
30.000 6.1 3.0 9.1 0.0 1900
